{
  "advancedEditorSelectedIdentifier" : "ProjectBrowser",
  "openSceneRelativePaths" : [
    "HiveScene.usda",
    "FypLabScene.usda"
  ],
  "recentIdentifiers" : {
    "1E51CBC1-1F18-4E37-A9C7-BDEBB2A2C0E8" : [

    ],
    "39A462B7-2331-4A2E-B2F9-0355AEE2BA7D" : [

    ],
    "764C1082-6C47-47DF-A731-A645C0BD9620" : [

    ],
    "7959FBB9-49B7-4F5C-BD99-DB2C0C36773C" : [

    ],
    "AF2840E6-84F1-4DA8-9A81-B63A99E18924" : [

    ]
  },
  "sceneCameraHistory" : {
    "1E51CBC1-1F18-4E37-A9C7-BDEBB2A2C0E8" : [
      {
        "date" : 769077936.822398,
        "title" : "Untitled",
        "transform" : [
          0.9870481,
          0.0024375243,
          0.16040634,
          0,
          0.0059983735,
          0.9986246,
          -0.0520846,
          0,
          -0.16031262,
          0.052372236,
          0.98567605,
          0,
          1.0303458,
          0.9601847,
          2.721396,
          1
        ]
      },
      {
        "date" : 769077935.207442,
        "title" : "Untitled",
        "transform" : [
          0.97384644,
          0.0024375147,
          0.22719438,
          0,
          0.0050289743,
          0.9994662,
          -0.032278575,
          0,
          -0.22715174,
          0.03257703,
          0.97331434,
          0,
          0.8387166,
          0.91005284,
          2.8031983,
          1
        ]
      },
      {
        "date" : 769077668.788188,
        "title" : "Untitled",
        "transform" : [
          0.99858963,
          0.0024375233,
          0.05303582,
          0,
          0.015360785,
          0.9429579,
          -0.3325573,
          0,
          -0.050821092,
          0.33290303,
          0.9415906,
          0,
          1.335979,
          1.6346236,
          2.2209747,
          1
        ]
      },
      {
        "date" : 769070288.026022,
        "title" : "Untitled",
        "transform" : [
          0.94005483,
          0.002437523,
          -0.34101462,
          0,
          -0.09778311,
          0.9599121,
          -0.26269206,
          0,
          0.3267038,
          0.28029048,
          0.90260834,
          0,
          2.1269126,
          1.5134983,
          1.604721,
          1
        ]
      },
      {
        "date" : 769070283.55403,
        "title" : "Untitled",
        "transform" : [
          0.8316579,
          0.0024375236,
          -0.5552832,
          0,
          -0.14805102,
          0.96476567,
          -0.21750401,
          0,
          0.53518796,
          0.2630992,
          0.8027158,
          0,
          2.6423829,
          1.3267133,
          0.27295375,
          1
        ]
      },
      {
        "date" : 769070279.235175,
        "title" : "Untitled",
        "transform" : [
          0.81550956,
          0.0024375236,
          -0.57873833,
          0,
          -0.14278483,
          0.9699267,
          -0.19711559,
          0,
          0.56085336,
          0.24338476,
          0.79133266,
          0,
          2.7388518,
          1.238206,
          0.19460797,
          1
        ]
      },
      {
        "date" : 769070277.934272,
        "title" : "Untitled",
        "transform" : [
          0.8979669,
          0.0024375243,
          -0.44005606,
          0,
          -0.10290086,
          0.973425,
          -0.20458528,
          0,
          0.4278629,
          0.22899304,
          0.87435436,
          0,
          2.157487,
          1.1739204,
          0.5867865,
          1
        ]
      },
      {
        "date" : 769070259.557564,
        "title" : "Untitled",
        "transform" : [
          0.99999243,
          0.0024375243,
          -0.0030114588,
          0,
          -0.0030545148,
          0.9741578,
          -0.22584769,
          0,
          0.0023831138,
          0.22585522,
          0.97415787,
          0,
          0.6655134,
          1.1622745,
          1.3307111,
          1
        ]
      },
      {
        "date" : 769070256.325863,
        "title" : "Untitled",
        "transform" : [
          0.9712982,
          0.0024375243,
          0.23785226,
          0,
          0.1338504,
          0.8210061,
          -0.55500716,
          0,
          -0.19663103,
          0.57091415,
          0.79711556,
          0,
          -0.3586317,
          2.9379797,
          0.41963378,
          1
        ]
      },
      {
        "date" : 769070247.18494,
        "title" : "Untitled",
        "transform" : [
          -0.50244117,
          0.0024375156,
          0.86460793,
          0,
          0.78728974,
          0.41464132,
          0.45634124,
          0,
          -0.35738987,
          0.9099817,
          -0.21025194,
          0,
          0.048828065,
          1.538964,
          -4.0379734,
          1
        ]
      }
    ],
    "764C1082-6C47-47DF-A731-A645C0BD9620" : [
      {
        "date" : 769063824.72943,
        "title" : "Untitled",
        "transform" : [
          1,
          0,
          0,
          0,
          0,
          0.7071069,
          -0.7071067,
          0,
          0,
          0.7071067,
          0.7071069,
          0,
          -0.14784646,
          3.9621775,
          4.6402936,
          1
        ]
      },
      {
        "date" : 769063820.294143,
        "title" : "Untitled",
        "transform" : [
          1,
          0,
          0,
          0,
          0,
          0.7071069,
          -0.70710677,
          0,
          0,
          0.70710677,
          0.7071069,
          0,
          0,
          2.7359853,
          2.7359855,
          1
        ]
      }
    ],
    "7959FBB9-49B7-4F5C-BD99-DB2C0C36773C" : [
      {
        "date" : 769055006.088273,
        "title" : "Untitled",
        "transform" : [
          0.9986976,
          -5.810181e-10,
          0.051020395,
          0,
          0.025651252,
          0.86442333,
          -0.5021098,
          0,
          -0.044103224,
          0.50276464,
          0.8632975,
          0,
          0.39886653,
          1.2013824,
          0.123114645,
          1
        ]
      },
      {
        "date" : 769054267.389271,
        "title" : "Untitled",
        "transform" : [
          0.9986976,
          -8.0997375e-11,
          0.051020395,
          0,
          0.025651248,
          0.8644234,
          -0.5021098,
          0,
          -0.044103224,
          0.5027646,
          0.8632976,
          0,
          -0.045741532,
          0.52144086,
          0.89536667,
          1
        ]
      },
      {
        "date" : 769054263.269067,
        "title" : "Untitled",
        "transform" : [
          0.99996346,
          -2.3679392e-11,
          -0.008547585,
          0,
          -0.0039944127,
          0.8840911,
          -0.46729767,
          0,
          0.007556844,
          0.46731475,
          0.8840588,
          0,
          0.007837558,
          0.48467413,
          0.916899,
          1
        ]
      },
      {
        "date" : 769054238.66764,
        "title" : "Untitled",
        "transform" : [
          0.99996346,
          -2.3679392e-11,
          -0.008547585,
          0,
          -0.0039944127,
          0.8840911,
          -0.46729767,
          0,
          0.007556844,
          0.46731475,
          0.8840588,
          0,
          0.0017449475,
          0.10790742,
          0.20413762,
          1
        ]
      },
      {
        "date" : 769054236.848273,
        "title" : "Untitled",
        "transform" : [
          1,
          0,
          0,
          0,
          0,
          0.7071069,
          -0.7071067,
          0,
          0,
          0.7071067,
          0.7071069,
          0,
          3.7099008e-16,
          0.16327769,
          0.16327775,
          1
        ]
      },
      {
        "date" : 769054212.083003,
        "title" : "Untitled",
        "transform" : [
          1,
          0,
          -0,
          0,
          -0,
          0.7071069,
          -0.7071067,
          0,
          0,
          0.7071067,
          0.7071069,
          0,
          2.220446e-16,
          0.09772482,
          0.097724855,
          1
        ]
      },
      {
        "date" : 769054196.709508,
        "title" : "Untitled",
        "transform" : [
          1,
          0,
          -0,
          0,
          -0,
          0.7071069,
          -0.7071067,
          0,
          0,
          0.7071067,
          0.7071069,
          0,
          0,
          0.097724795,
          0.097724676,
          1
        ]
      }
    ],
    "AF2840E6-84F1-4DA8-9A81-B63A99E18924" : [
      {
        "date" : 769078620.504605,
        "title" : "Untitled",
        "transform" : [
          0.9978853,
          3.0718934e-11,
          0.06499889,
          0,
          -0.00046726328,
          0.99997413,
          0.007173586,
          0,
          -0.06499721,
          -0.007188788,
          0.99785954,
          0,
          0.8164629,
          1.4584981,
          3.710116,
          1
        ]
      },
      {
        "date" : 769078617.030521,
        "title" : "Untitled",
        "transform" : [
          0.9596968,
          3.3375391e-09,
          0.28103733,
          0,
          -0.03837501,
          0.9906335,
          0.13104442,
          0,
          -0.27840498,
          -0.13654773,
          0.95070785,
          0,
          -0.22422545,
          0.82182854,
          3.421209,
          1
        ]
      },
      {
        "date" : 769078602.680981,
        "title" : "Untitled",
        "transform" : [
          0.99460614,
          7.413119e-06,
          -0.10372416,
          0,
          -0.055369757,
          0.84563774,
          -0.5308775,
          0,
          0.087709166,
          0.53375715,
          0.84107685,
          0,
          0.9532127,
          2.7841763,
          1.9416745,
          1
        ]
      },
      {
        "date" : 769078559.265786,
        "title" : "Untitled",
        "transform" : [
          0.8924343,
          7.4135514e-06,
          -0.45117733,
          0,
          -0.15561944,
          0.9386377,
          -0.30780175,
          0,
          0.4234898,
          0.34490484,
          0.83767366,
          0,
          1.7669882,
          2.3111095,
          1.840174,
          1
        ]
      },
      {
        "date" : 769078529.947347,
        "title" : "Untitled",
        "transform" : [
          0.85068107,
          7.4158256e-06,
          -0.5256821,
          0,
          -0.12297342,
          0.97225595,
          -0.19898708,
          0,
          0.5110961,
          0.23391949,
          0.82708067,
          0,
          2.0809908,
          1.8410802,
          1.6935738,
          1
        ]
      },
      {
        "date" : 769078525.187324,
        "title" : "Untitled",
        "transform" : [
          0.85068107,
          7.4158256e-06,
          -0.5256821,
          0,
          -0.12297342,
          0.97225595,
          -0.19898708,
          0,
          0.5110961,
          0.23391949,
          0.82708067,
          0,
          -0.47873598,
          2.1035666,
          3.201124,
          1
        ]
      },
      {
        "date" : 769078489.36194,
        "title" : "Untitled",
        "transform" : [
          0.99063635,
          -1.8215331e-09,
          0.13652751,
          0,
          0.040829338,
          0.9542356,
          -0.29625547,
          0,
          -0.13027942,
          0.29905578,
          0.9453005,
          0,
          -0.17469046,
          1.5691919,
          3.4120822,
          1
        ]
      },
      {
        "date" : 769078183.743412,
        "title" : "Untitled",
        "transform" : [
          0.99940485,
          6.2907435e-10,
          0.034493934,
          0,
          0.011967094,
          0.93788975,
          -0.3467268,
          0,
          -0.032351512,
          0.34693328,
          0.9373316,
          0,
          -0.4249609,
          4.2530856,
          10.663255,
          1
        ]
      },
      {
        "date" : 769078024.327157,
        "title" : "Untitled",
        "transform" : [
          0.9994049,
          -2.3404112e-10,
          0.034493934,
          0,
          0.0119670965,
          0.9378898,
          -0.3467268,
          0,
          -0.03235151,
          0.34693328,
          0.9373317,
          0,
          -0.07289598,
          0.69199044,
          1.7534536,
          1
        ]
      },
      {
        "date" : 769077989.412477,
        "title" : "Untitled",
        "transform" : [
          1,
          0,
          0,
          0,
          0,
          0.7071069,
          -0.7071067,
          0,
          0,
          0.7071067,
          0.7071069,
          0,
          -0.012369083,
          1.3620074,
          1.3052002,
          1
        ]
      }
    ]
  },
  "sceneViewportBackgroundColors" : {

  },
  "selectedSceneRelativePath" : "FypLabScene.usda"
}